11   261   0.3903111608164078
11   1430   0.3011270450337169
11   388   0.2647795456154217
11   989   0.24015137499012862
11   539   0.23961411515456854
11   838   0.22884045075572168
11   1442   0.21869716954509832
11   485   0.21636776080031284
11   966   0.195894311129731
11   1140   0.18026848763049486
11   335   0.17991835768929754
11   1066   0.17785886295268216
11   1074   0.1778297385872506
11   488   0.17486702629736273
11   620   0.17359387888679167
11   1075   0.17246081627239573
11   596   0.17180455281621565
11   257   0.1717161156899859
11   1141   0.1713188008321631
11   758   0.16783637854845102
11   1165   0.16723876177522512
11   661   0.16274339070342925
11   564   0.16087579558855092
11   45   0.15922271078430883
11   1419   0.1588460718916822
11   746   0.15390477925345758
11   263   0.1510640587496842
2   81   0.4105951685767455
2   1421   0.27066990776921207
2   82   0.2698967001343354
2   446   0.24846772263336858
2   486   0.24405730023366912
2   377   0.23637446454843858
2   565   0.22737667662047178
2   113   0.22470595441003893
2   590   0.2177883294979479
2   894   0.21706746010800115
2   1010   0.21488800772156025
2   500   0.21365791090657016
2   194   0.21305920305253467
2   472   0.2124132420489161
2   1049   0.2117687807712929
2   566   0.2116481558555342
2   444   0.21040543548801227
2   51   0.2040415113191375
2   1144   0.2030062430869839
2   522   0.1986139298761107
2   790   0.19496089834426156
2   86   0.19455413535153365
2   660   0.18057906399935186
2   44   0.17805562583706158
2   1344   0.1776016268115581
2   78   0.17521414446061367
2   52   0.17030240289190557
2   53   0.16775574020707218
2   389   0.16759880550465422
2   510   0.16713831185337247
2   489   0.16289073130273068
2   806   0.16259410297594246
2   1282   0.15540529038245876
2   688   0.15309759851482085
2   480   0.15234723687846297
2   195   0.15148119382626757
8   636   0.5152376456420772
8   68   0.28437461815331266
8   565   0.20216544670321013
8   84   0.19660182499591827
8   806   0.18893226607682845
8   495   0.18503217670889271
8   478   0.17717479257592672
8   810   0.16311645365152772
8   71   0.1607649137843955
8   603   0.159200547637535
8   539   0.1555683532092279
8   492   0.15556170922872303
8   73   0.15388993914761473
8   61   0.1516690664533118
13   1136   0.1996773315626612
13   827   0.1988322709025675
13   458   0.1789028107661358
13   538   0.17817875008586936
13   376   0.16613262460075073
13   459   0.1622962760985358
13   129   0.16192749085076608
13   512   0.1589206627930677
13   484   0.15521102755468674
13   1375   0.15014393678349225
13   309   0.1501315567308915
15   806   0.29950591697827167
15   595   0.2723566414525205
15   492   0.25340604139266454
15   523   0.2318332387546258
15   565   0.2263508002197252
15   712   0.22389744450723148
15   390   0.20565734529475788
15   486   0.20067600346796344
15   510   0.20057316683421422
15   61   0.19743188119098698
15   458   0.189909692294292
15   207   0.18657281690927197
15   720   0.18283996561390192
15   636   0.175649065091799
15   894   0.17484011125514964
15   538   0.1736604697781189
15   702   0.17153064000296947
15   586   0.16950193039898265
15   51   0.16816988057213855
15   659   0.1661268857417295
15   603   0.1658216461273032
15   483   0.15762586114860422
15   1154   0.15446931611550474
15   487   0.15374953476438247
16   820   0.17351202192698334
16   746   0.1705536053989758
16   603   0.16481771533431944
16   486   0.16126969040805583
16   659   0.1523057386291935
16   492   0.15107675645862373
21   1089   0.21600493007789567
21   1204   0.17330433005758306
21   565   0.16222771520206958
7   47   0.18326222101490486
7   632   0.1641932240832259
7   789   0.15640266008725112
30   751   0.29222369729873776
30   759   0.2706464724506408
30   748   0.22441251121262706
30   778   0.21712958968488294
30   1416   0.2123491272690553
30   1085   0.16732823609433944
30   785   0.1673200597153579
30   1156   0.16441497318253728
30   631   0.16148665994482514
30   526   0.15914965862250796
30   552   0.15806262435283447
30   1142   0.15363161622391042
30   765   0.15247902934039204
30   1123   0.15072308684356528
30   853   0.15026770105167875
19   382   0.6545423612559004
19   883   0.5219307097143575
19   986   0.499907749497848
19   608   0.46359815471427135
19   1051   0.4402346527828187
19   75   0.43537843440028956
19   452   0.42062997985518424
19   603   0.3535853925966459
19   586   0.2905548773418605
19   806   0.2603890878817092
19   72   0.238914113734214
19   526   0.20557694841494178
19   194   0.1567210528336047
25   891   0.4452048242411968
25   1294   0.3509757292735972
25   315   0.32577749368385733
25   193   0.3203167443729594
25   220   0.3179101518054379
25   181   0.3089016242300294
25   72   0.305219497037754
25   204   0.2899332390759819
25   790   0.25493994416187293
25   1144   0.2544400996141878
25   1249   0.25015875488578665
25   182   0.24097978663066488
25   217   0.2386522765497573
25   36   0.23811591677980326
25   663   0.23130154366802924
25   1147   0.2260689093358309
25   77   0.2244359334206194
25   216   0.20441749723251146
25   179   0.19811976876144843
25   564   0.19612283087157445
25   661   0.19083559611897716
25   907   0.1851350850192287
25   1383   0.1846136258941603
25   814   0.18396468207198025
25   410   0.18341175834945622
25   175   0.1816241696503732
25   215   0.17563793080853174
25   662   0.17496727092145004
25   415   0.17098010852248058
25   565   0.1670736605912877
25   202   0.1669476996743089
25   547   0.16441836795161946
25   209   0.1592677034165283
25   830   0.15724023496553952
25   1050   0.15512670022632102
25   824   0.1522428947804868
25   195   0.15189048526539684
25   1419   0.151782927341941
25   219   0.15145074571727235
6   520   0.24857388156220472
6   448   0.1847720478091407
6   483   0.17338383321064899
6   726   0.16774831606976215
6   720   0.1615444094807298
22   542   0.2507768795351122
22   478   0.25024703934895975
22   838   0.22800911395165002
22   107   0.2098786139880361
22   641   0.18970890403447538
22   972   0.18884262990615375
22   856   0.18529991952841884
22   574   0.17780890796625748
22   42   0.16805494995637393
22   135   0.15422864066348274
17   499   0.34730535084097225
17   666   0.3080058291127308
17   1131   0.2799748790558759
17   483   0.2649415853399455
17   69   0.25600091423026705
17   1281   0.2414665098313007
17   175   0.22554324998288355
17   1159   0.22375712771092315
17   1124   0.21869903774957522
17   179   0.21728225447355243
17   480   0.2139401033341901
17   565   0.1963330120822706
17   1279   0.19456760338593537
17   116   0.192573057792367
17   420   0.1845858229824786
17   819   0.18165630718398662
17   1076   0.18003079792512422
17   363   0.17969077883273865
17   35   0.1792911317759831
17   1323   0.17815977384525794
17   1161   0.17763300690263328
17   746   0.17319141940507976
17   663   0.1726427582103096
17   1224   0.1710970596046033
17   51   0.16186306238277692
17   715   0.161035528160424
17   564   0.15283941236553455
27   448   0.5907256416686055
27   422   0.4842514041667859
27   635   0.4583786317857407
27   509   0.4556081729008714
27   485   0.44170146031768276
27   566   0.38262229294125905
27   570   0.3260301647871833
27   576   0.30616882638004195
27   1313   0.27373421241713003
27   483   0.23064746235798583
27   318   0.22870550168467718
27   1076   0.21309046440488222
27   362   0.17175626365154673
27   309   0.15127145152041122
27   632   0.1502769974931284
1   377   0.2821272713879873
1   869   0.22297920539427163
1   824   0.1977858818894105
1   1144   0.17612396589704127
1   856   0.17150103106209813
1   108   0.1711274438434498
1   812   0.1706005843706886
1   715   0.16929730536181642
1   489   0.15620845750490608
1   773   0.15310684948015107
4   116   0.22745751143251547
4   1460   0.21598565910294143
4   696   0.2087056388167099
4   856   0.1711817224824067
4   1072   0.16060528823486964
5   1323   0.4137890079913722
5   35   0.3714179638480162
9   336   0.46270318303478297
9   177   0.39146621733255715
9   207   0.31693435598520514
9   990   0.31548905144745565
9   180   0.31125893272234606
9   406   0.30795856051718506
9   917   0.30516741068732145
9   287   0.30328612350960826
9   979   0.28138652321889457
9   849   0.2796895214874353
9   1154   0.26991789907655317
9   916   0.269906487972117
9   299   0.2640253558373171
9   134   0.2605477693626367
9   595   0.25428246544233746
9   860   0.2520386460619456
9   827   0.24336774489169677
9   1280   0.2368061693855006
9   874   0.23178712992592132
9   572   0.2310232920643972
9   865   0.21473310092787712
9   11   0.21036283741134787
9   136   0.20845082951004967
9   281   0.20556626946795686
9   1139   0.18879849209578003
9   135   0.17774684749563952
9   970   0.17556740326072606
9   149   0.1624171564316076
9   1012   0.1582052869805427
10   518   0.2220061281714254
10   606   0.21159174626293975
10   579   0.20174929904947603
10   451   0.18955281158277826
10   483   0.1879168487126719
10   642   0.1877021675964078
10   175   0.15730318479060268
10   444   0.1540998962183514
10   634   0.1519212249403663
12   885   0.24728130596199027
12   119   0.23215014213341456
12   654   0.22875771968732195
12   218   0.2238112048484343
12   972   0.2087027934430158
12   1171   0.18931014434248616
12   1013   0.17843795428847742
12   214   0.17224225192486609
12   955   0.16845871264170575
12   884   0.1681804506834349
12   1198   0.16759925546022902
12   211   0.16512501302165616
12   947   0.1626827108419272
12   1011   0.1620937519930793
12   854   0.1605804138239032
12   1043   0.15818239315632587
12   1285   0.15678776139938433
12   1365   0.1538838071042612
12   684   0.1537031513813385
12   1303   0.15284994028441068
18   177   0.29698219029537753
18   336   0.2718349247335221
18   1249   0.2172834402452971
18   299   0.20842402671048554
18   990   0.19776520974692724
18   180   0.1905626282420051
18   1280   0.1873040456389452
18   917   0.1868005047758734
18   696   0.1866507195991005
18   406   0.18312804759944945
18   865   0.1803979396669919
18   849   0.17874089369849866
18   916   0.1747737935603747
18   979   0.17305941591348917
18   220   0.16591692847459694
18   949   0.1638795322580885
18   891   0.15856310665675277
18   1303   0.1566791756110939
18   572   0.15606506763068917
18   11   0.15401404502621885
18   1233   0.15297266719431402
18   1147   0.15073459696677383
20   1120   0.2954472552418993
20   571   0.19967700164613977
20   1294   0.19207019196821373
20   315   0.1734529113128046
20   565   0.16119959311815713
20   1182   0.15842876660975924
20   175   0.154314489900913
26   892   0.36223675902293784
26   286   0.31930482488220424
26   534   0.29978089479223924
26   145   0.20275439406906126
26   13   0.1833196154360185
26   579   0.18011129004758963
26   1252   0.17344172390917956
26   963   0.17304646050114747
26   299   0.17088088253290878
26   822   0.1688399169419441
26   848   0.16111966947363532
26   615   0.1585995186907354
26   872   0.15525375462423374
29   51   0.20642951884196736
29   71   0.2026053590493908
29   1215   0.19690993410547586
29   666   0.19486860218401592
29   567   0.1946924284110655
29   577   0.19316345895543507
29   329   0.18515563678680702
29   649   0.18456609510470523
29   1392   0.1753914938155906
29   79   0.17428022143390054
29   445   0.1708483602347347
29   478   0.1692269777314157
29   1091   0.16208055078794248
29   643   0.15657903818090235
29   342   0.1534582322609679
29   315   0.15153432997402771
14   462   0.321565950262241
14   1411   0.30914563552510577
14   1385   0.3003385258680924
14   536   0.2788786675212731
14   657   0.25572016539552234
14   1281   0.25338332287079113
14   571   0.2526934558235041
14   6   0.24387243520822022
14   590   0.23070930408418167
14   28   0.2242633450150211
14   574   0.22375354846266438
14   1244   0.20116235083729184
14   445   0.19513269959838841
14   1340   0.18928688370346192
14   650   0.18651867102983477
14   1173   0.185439447146881
14   895   0.18069104266020153
14   1130   0.1777169432411716
14   829   0.17342802787966427
14   827   0.17280496308495918
14   672   0.1710786343059263
14   315   0.16932806240959486
14   1161   0.16648519468462197
14   253   0.16377182781409438
14   575   0.1629474194135101
14   25   0.16129778677125117
14   1282   0.16040215904774424
14   1117   0.15698666330155042
14   549   0.1563783187765262
14   175   0.15631628089452443
14   776   0.15575677706634106
14   471   0.15508242294083308
24   688   0.23867005854191603
24   79   0.20756509240623944
24   1448   0.1924201071290782
24   149   0.17450312048164662
24   757   0.17171221901562872
24   446   0.1621003347208172
24   1152   0.16087412008418034
24   562   0.1606783083186316
24   71   0.15723538374638213
24   894   0.1570549689039189
24   478   0.15685628719854272
24   1381   0.1553571827716962
24   212   0.15531730665351418
24   1307   0.15521104111458683
24   566   0.15440506509113294
3   336   0.43015311045540683
3   177   0.42394667272717323
3   406   0.3095601632926829
3   990   0.3016789854423958
3   917   0.2971475627433856
3   916   0.2938656406189677
3   849   0.29339245938092406
3   180   0.263645365713721
3   979   0.2622298024649936
3   1280   0.25783995896264567
3   299   0.2577321913903341
3   281   0.2430733271100457
3   287   0.23221643041854512
3   11   0.23142891728561077
3   136   0.22076893687669463
3   860   0.22049675494879561
3   572   0.2102104056517119
3   874   0.20970603140541322
3   178   0.20574812897802652
3   865   0.1924651229115728
3   970   0.1640495527204644
3   1012   0.15395207964369706
3   17   0.1519985891725809
28   760   0.30052630858964857
28   1161   0.28504924998290526
28   1129   0.2722275065084442
28   1409   0.2666427463930827
28   320   0.26544137714622573
28   1164   0.26507368937595177
28   1162   0.26423596646233105
28   1280   0.20346488213217961
28   1185   0.1846666236049611
28   539   0.1821038067288432
28   1118   0.17814167638373535
28   1224   0.16366257280309993
28   174   0.15388332762548995
28   1382   0.1523002881563571
28   1139   0.15003653172480458
23   722   0.3802542267002491
23   429   0.33809170684872936
23   589   0.30420680585579407
23   1281   0.2634446339902057
23   603   0.2622537073728781
23   711   0.2194832779238609
23   813   0.2116756492184867
23   1299   0.20934751427887965
23   836   0.19743619870408124
23   38   0.18913309750812446
23   820   0.1835393750175317
23   276   0.18332554198394424
23   510   0.1831273216298004
23   650   0.1778871895546772
23   620   0.17761898156344713
23   65   0.17034069293643261
23   447   0.16768411224020596
23   783   0.16586882357292287
23   1265   0.1653865692904375
23   1294   0.16159726404932773
23   315   0.16018704990185517
23   76   0.15213324202111866
